$ANSIBLE_VAULT;1.1;AES256
38636136383765346131646265353633346563383738383261623632643438346362636530353832
6665353766636337656537303039626165383765386138630a313430306164386135626565366137
65373038373135653030646433326566666537313861316137316633643364373962353537336532
6232373964623837330a396336363137613031666435666232346366666236383466336134663132
63636638323361663337306632383737653064646134303165613136373063623962353930353932
34303361336635393063303763623233656666363631356265333331303161383666336336373164
62353134383634363338313361346431393636346236396131336336643564636239376135336236
37303635313537343631633939313238343931306232656538313766393635656434623532373135
61633964656266393332656438396330333963633735613536336564373061663163393039313734
66336263323765343939356334626162323866623930303439646538653631646662343263343637
39313836323733393931346231393264393033353261646531613634363263353064396464646435
61633362363432373030333163313432333962663838343761303663643636333638363632663231
3763
