$ANSIBLE_VAULT;1.1;AES256
33393634303365313731643933623433643265363538626337336630393534303733363364303461
3136363433633165653730633530333564356661306639320a613961636630313337306538366136
39613939623634396234383438303330396165623335326638373562373830663136643033323031
6637393564393764360a316131626463323761313636343037646566366465343930663564626162
37313732336234356262376637303534303130366130303637373365653638343838373461653261
30386564363135363430653364643534333563613964323936396663313937383735633561363434
37333566306238636534383135333339646236396239613261366233376632633065613063336532
66653638633432333964363238316139323065313230646231646162373238626230386536636636
31653535626265646361663964383763396364363032386563313633333034623333633464626461
65323136326361303466656331373634316535323332353964363732373965356133663231626566
35386132313931363032613539623536353532333537313032343462626132653335616563346339
65346562636561633962323531306661613136376630306138393331343031303063396133343761
61346132633934313739373435626435303731623536343666333139383065666532316461643163
36653632323166396236646237656333313339653438313266346563393531653231663962346238
34313861616163316339616234343731396634316234626463366332326432633532333233653037
62643530626634373061663736323461363437656533623230633032363230336437313133333335
38616131323632333839313066623063326163386131323961333964383864666335323765643566
34343764356338313633363137623363356666613231653533613564643362663463313435613134
30303034663331626537383839616130333362616564356433336635633933303861383238376237
64656338353035646335633532383334393834656361653036313231313266376438663165303761
30363564383661646362623166633632643030366339373162663538383861303465303365306431
65636466396434333838656431303663663766666130666537353030336436376562343837663430
35666339363635393862373461343962393362636264373563333966336235386563343838656435
65366465343339666365623033343564323264636464633638376337363636646563346439313037
66396434666163396633623535656337333430653432666262356265616366623230613936356431
63376239633965666532303962303734303830316138643165343132613236656335373233303434
33316465356161393031613933313932623334633461623036373134316436656632306430303337
65383435653137363366326164323530346264616361626332333062353766616266623239373432
61316439353137663265636638343163346338646564656161373932663231336532356364323738
33396231613563386362613162663663353838373631363763333837653837636165393235366230
63613931313962366262316466343132636566666436633630303061393362663164303365313938
32633439346633383038333732633164663965393435643135376436386235336434306134316438
36363761343134396535646532653039373332323736623832323637633262366137386463653961
36363465313266386263313536623565666138646231633565623437316333633266333933353732
39306439656534303438616635376162363233646639396333653065336130663561383266303137
32343263343033656337353237376436363532613961613632353839303936653739353932306632
34393862363934353631316438613765326433653464393332613833353661373937613432346535
38616363363136333061353130643962623933316161313833643466396531333665313866346561
39306161316463356232646530303931306165323535626661333261636636383835353739636338
62366165393634376464636233313630376131343932353363356334653432333634393364633166
32653239623933326639356136633365396236633663373361353935326135633437386130623238
33306434656562366166613234613136653135393762393165393538613162336434313861343032
32363061333962643630313836373837303834666435376134366165373631326633323232306165
34316266353935303839306630633739396337323232636430386630613338346530663439633835
62353033323164656562356635653733313764666139353036306165663734343833666362616266
62326565663135353836343737623161336366623333336666383864616139316433323036343165
30396339306462346330363337663564363839323331366466623636643438633566356563616363
35616135643834663364326462303633613132613166373861353563643038666132343039343039
39363766383335623934626439666135313934613333386139346461643235393836396130643261
61303735346163663631373636303362303731383439643565363861353935616638386131626562
39323562363232363964326264363263303433646330316663366434316231336334643264393630
61353363633236636366666539396566393164623330663738373431386561343335393064363233
32343465656661343734346266633463393331303464343730393361633238643566656637653534
63326230393133343838636235353931633134633635643034346635616238363065383162636537
38356633656564373736656563626564393264383739316262323233326535313033313033363339
31643136303933386364656636336462656661373336646639333466613564396132613238303934
63326239616565316363633361363030643365333765623137313837343339653935366265646161
33326433613139323834633932643133386533626432346139373363383166313834366564383961
64366134393137313963343366346236643734623137656137373531666433393039343665636138
35666430636538643334306161633135666532303165393336363763643732333766326362343462
37623533656461626438636264326534353630613232333763656164653238323761626631636664
33353164666262633231656535346262373139666230343064346230353263353532306563663463
37643934633039363265386438643066646439363966323530356430653733373766363066376437
35333564623261353330376439643739633765376563386262636564613033326237323131366631
61343866633863323063643861366336393366633136326363613439326538313838373831316662
39613835666364626134383434383864356164396262656430613233323866616336363635396535
61373936653666333366393466633736656165653731663036363234616364333830323234303263
33346463393262386663303431356163616466393132633365643838633131306330633330633933
37363165383238666532356264333736386665613861336564653035636363353432346338656435
30356430653466646565333062623366396334393734383036653030633963613332313163656633
31643663393262653939376662663061366566326266626232323439616564363866633365656265
34396538633834343037633034383533656463623236353466653937323536623763626635336334
66346339396637323930636165663662643332393632383462396535393132323530393964336563
61353962616564376239643763343936623733316137306634356339386131623839373534373433
38643161316631326235366335663534396631313664633134646233653963373863616237613932
62663865633136343765333435343931643161366634643632303430646263383137626564663337
61663666613765343037303235656566666161316166663337646265363063633838386231373638
37323264656437326135393165383866623031633735376236343262613061636134303733383435
64313632333266363634383233633063313333663132343037373538656362363232663235373839
38633265393166633537393865323833356361613137346265316265323261346262303137353336
36333237343331643761623361313636643536663562656463613335343633613438343461396636
38363534313539363863396661666166386161663263316666366639636432623138623430323031
36323035623630336335653132396531616235656637653539383930336662336532313536663134
63306237656565393432666639633638626239626338636562613936613065396534653634643837
32356661613064306331323237663162653162666637346664303631366139616133636631306132
65363364646361633034666362653834623163646236366631353564373866646532633764656532
62646234353534616330383165323232316263316239623530313935636532653131343433616631
30353465383038303065613334393539353431623839303931303532646635333036303638363731
39633764623731323538396639336136303964356463336230313038353333663633386131313835
35393531636265653464346238316531393037343738656463346332666438653537366565396536
37633535373734383033386134316666333633376431373230356336353263633833396263346335
32663039623039376536393832303237623138613565326139356563363732653231656464306537
63356662373332363331363465373037393762393361336239363739656164666238336461323837
61366166333036653634633030376239393538636564666366396265333464633137303436666331
34633236353064393833656136373931343861356663306465313761373136616234383239353137
39643730366461336432336138323661396231633831343537306136373232616335323630373362
64396639366232623331363133356436326430396162376462316463353932303832646364333661
30393264646235373334373734336238376664306131646234356232353030366362646532353361
37353832383061323135353032326632643961656637333134356336633366356362316533343535
32613564373166333735666338616266376134313662323061623033393461363134386136663839
35323330316664376366326530653835323932343265333036643334393638383834333963633634
33663036623036346535626133633536383030626564306435616637333137376638613638363838
37613839343536396632306436646230366236393435373661303632626536343238656436373561
39396435653830303038383961353037626534366462643332616630353231366432363861646630
36306335613763626134323735633930336164386537356137633635346464613461393231343134
61323962633264316363623239393830323136383862343766653032653562363737623030306438
37613465643962633734346432633338613831383432613132313433366664333837333539613030
36633732633437326335353365363536666333376431656539396235623230343562386637306131
30393138353432643664633065626263313439343866396362353932653765363430363536383532
32323333303337313565623565383838313233386530653863336461653137316664323334316535
30353339323734643930303334396363623135306433393631656338343838343530663536303730
33613330316233653738633765343332383432636330393731353338333731383463386436613361
38626138623037633937653663653864626135316337386634303033613666386161393566363665
62333733643031313333333335663162363738333538323136613163656438613666656235303964
37633238353832323534663838326432346130636363623233383336373462333538613662636466
34653837663937303130633132393233313733323963363365616438306265363132303938616432
38336437636238623936376566376437316638366533386138333431633737313966663537323036
36653831366662616230616533366437373761393233346565306231306530666565633662326261
38643365303134333266353333626130303832636138346664666166303165306533623638376264
65313030346434646531613466393031633731323236373532623664326533383031383566643637
64653461363430313365366336346463623039323632386235356239356436393932643236653732
37306232356563323931363234303964343131663562376563366531343836636430383239396533
35663930656538643133303366366565313537376130313633643734633737626535393235373330
37356637633334353033633263333133316535393032356135656235396663353465306633326533
61366536626630656137636666323937396336616534653336363634353634303837306637396331
34613265636133636561396566353263336266613165383465666364643262383638353130633534
35663965313634376566303738653134346639623865306530373130316436356132633664396230
39343232316634626536373834613534356166656563323038643833633339393262646635643339
37613635316634373832613337666462653830396365646139313735363765663763653637336364
66313663313461343832613437373432366266323532323762336362616135366138373666303534
32623032373831303232636137643734343265363238323433363666353138616262323534613836
34653030613431326333663037643966383532333562623738613462356336666433643737663963
39363062383962663662323234626435336631306133643435313831333763336339356434343431
30623930333830303364306633393330306663633335663735643232346230333536313630336635
636562656438643464383532613235343265
