$ANSIBLE_VAULT;1.1;AES256
62353932393933633730633263326636666638616163313933663633333935386135656164383335
3937373434366665646639383935386138393937366639380a373339643333393964343633373234
32363137356331393266636463663134376633636234306230303536643738336661643039666638
6163306563306439650a303238303230313832343938373661303839363535613737376261363931
33613630643232343935303234613164336638386339323230383534333561663437613464306130
64383230643562333834373536356361336163643165373630626632326537343565356635613534
61326536373639626131656134653636373236633332373566363036306234383438613937646565
61383733333732313432616161396236663061393462343561396566393034393935643736656631
33613962376530663735306361363632316435646132386665346334633636313438373533616465
37643566303535653333633637666362633937623462383932363766323165646366353063386437
32613530396232646339646639616466613462656665383432633062626531303336313463316466
35353637323136383464396565356230623934323438393236353331666164633637646531633530
39643161663630636664323533346630316130383464326164306139353836623661336134386464
32333866653635613033366265343637663439373934653034373261643366663564316265373834
34303063333366613165326431353438666239376630306638383735393963313462663763663737
66353161336163363338613864353961306139613131363965666435663966313364643833346332
37326338343336636135353861313764616631633966626634353936313937626664363235623166
30636139366237326235636439626666623366653338303365633564306462356563636135636539
63613838646334613030623238633931656566613162396361373736323831623865666339633431
33626166306130616363353934306134323339666663353939353963656237306630613836356532
62653239663366326166313265316462326237356464306237646435353733333236343331633762
66613638643535653637663062633165313664363061613533373137653464333330306262343939
65316130326131626637656531376335366639376362353939656330616134633332383731313630
66663331386663383063616238323662376334323163396633376133346238323364373361656266
32373036323165656462653631323535643430666164383832333566313839333735373536633864
35393565613863626262316133663262323137346634353462326331353464633432626335633633
32343661373764613137306165303533343034363266613339373339383064393936386232336134
34316665653138383063
