$ANSIBLE_VAULT;1.1;AES256
66303466613932633831376337326634666232303834343836363531346662386531326539356263
6438393732636237626433333934326461646637376135350a306639656437313437633663393061
38653531616636323861656538353961653165643232663262613461663436373239366165626362
3764656339653365350a386234316338323234373966633365656639663563613162396431373564
64396130326632663737643738343864343265363835356338303264643037376635663466326366
30333530306532323333613235333861373034633534313337613730396665663138663338326331
66636564616165303333306362653239663131353235386633386531323337643561303137643065
38663033653731396431346335633264306264366565646561663561633162376339616131656262
61373835643766376434343337613631363463663335623962363235353165633434306466656633
63376533616431663335393337336566386663353037636466633662626261353866656231343330
37343665323264396631373366393464333230613266663263373366353639613431643566646632
37653862653066653837656130346163363037386239353232646161386165643330366366303266
39313635353832643032323865343363666563613030333131353039656165636637633335343936
62653061613535373863333161393634356431383461343363616330383230376631323639646632
63356265383936646363306230656531633832633639303764313563646466323034373864313364
63616463653631613966646662303330323030333262393063663463383461313831333666343336
34383162623536333139343766623861383964653466386363376262653664363263386464376361
33373935663133653666383062343264353536313838623238313634663463643564643365386437
65363534663336316530323434343830653330636165623062353138383231666436383239333863
35623864636261343039376537343633663362626662643361336339373236393633663662336438
62643033396135373063613964623061643339623062366134383066306164376131373564363761
37303735656532323062646462316266616135393735336630643931616364666136333265653137
64646634316239303130396363666262323932363638613034306566313332623362353430313236
35336332316230353137633632386338656632616461643537363866633761356562646264613230
63363264303361336261356433326662316431613734396139386337383065643463633731333634
36646131383361313262353262333832386432633439656331643365623464303163333834393833
66386562306332636666333736366365303734353463303038326431303139633262386463623639
62303030353262643730
